function D=data1D()
    D = [0  9  3 10 4
        10  0 21  9 8
        7  40  0  8 5
        9   4  3  0 5
        10 11  6 10 0];
return