function D=data2D()
    D = [0    26    55    27    43    84    54    95    31    33
        26     0    58    88    70    64    12    31    92    92
        55    58     0    21    91    81    85    29    95    79
        27    88    21     0    34    99    34    34    12    61
        43    70    91    34     0    81    71    80    64    91
        84    64    81    99    81     0    82    40    13    43
        54    12    85    34    71    82     0    64    48    40
        95    31    29    34    80    40    64     0    57    66
        31    92    95    12    64    13    48    57     0    17
        33    92    79    61    91    43    40    66    17     0];
return